000111111000000111
100000000000000000
001000000000000000
010000000000000000
000000000000000000
000000000000001000
000000000000000000
000000000001000000
010000000000000000
000111000111000111
100000000000000000
001000000000000000
000000000000001000
000000000000000000
000000001000000000
000000000000000000
001000000000000000
010000000000000000
000111000111111000
100000000000000000
000000000000000000
000000001000000000
000000000000000000
000000000000000001
100000000000000000
001000000000000000
010000000000000000
000111111000111000
000000000001000000
000000000000000000
000000000000000001
000000000000000000
000000000000000000
000000000000001000
000000000000000000
000000000001000000
111000111000000111
000010000000000000
000001000000000000
000100000000000000
000000000000001000
000000000000000000
000000001000000000
000000000000000000
000100000000000000
111000000111000111
000010000000000000
000001000000000000
000000000000000000
000000001000000000
000000000000000000
000000000000000001
000001000000000000
000100000000000000
111000000111111000
000010000000000000
000000000001000000
000000000000000000
000000000000000001
000000000000000000
000010000000000000
000001000000000000
000100000000000000
111000111000111000
000000000000000000
000000000000010000
000000000000000000
000000000000000000
000000000000100000
000000000000000000
000000000000000000
000000000000000000
000000000000000000
000000000000000000
000000010000000000
000000000000000000
000000000000000000
000000100000000000
000000000000000000
000000000000000000
000000000000000000
000000000000000000
000000000000000000
000000000000000010
000000000000000000
000000000000000000
000000000000000100
000000000000000000
000000000010000000
000000000000000000
000000000000000000
000000000000000000
000000000000000000
000000000000000000
000000000000000000
000000000100000000
000000000100000000
000000000000000000
000000000000000000
000000000000000000
000000000000000000
000000000000000000
000000000000000000
000000000010000000
000000000000000000
000000000000100000
000000000000000000
000000000000000000
000000000000010000
000000000000000000
000000000000000000
000000000000000000
000000000000000000
000000000000000000
000000100000000000
000000000000000000
000000000000000000
000000010000000000
000000000000000000
000000000000000000
000000000000000000
000000000000000000
000000000000000000
000000000000000100
000000000000000000
000000000000000000
000000000000000010
000000000000000000
000000000000000000
000000000000000000
000000000000000000
000000000100000000
000000000010000000
000000000000000000
000000000000000000
000000000000000000
000000000000100000
000000000000000000
000000000000000000
000000000000000000
000000000000000000
000000000000010000
000000000000000000
000000000000000000
000000000000000000
000000100000000000
000000000000000000
000000000000000000
000000000000000000
000000000000000000
000000010000000000
000000000000000000
000000000000000000
000000000000000000
000000000000000100
000000000000000000
000000000000000000
000000000000000000
000000000000000000
000000000000000010
000000000000010000
000000000000000000
000000000000000000
000000000000000000
000000000000000000
000000000000100000
000000000000000000
000000000000000000
000000000000000000
000000010000000000
000000000000000000
000000000000000000
000000000000000000
000000000000000000
000000100000000000
000000000000000000
000000000000000000
000000000000000000
000000000000000010
000000000000000000
000000000000000000
000000000000000000
000000000000000000
000000000000000100
000000000000000000
000000000000000000
000000000000000000
000000000010000000
000000000100000000
000000000000000000
000000000000000000
000000000000000000
000111111111000111
100000000000000000
001000000000000000
010000000000000000
000000000000000000
000000000000000000
000000000000000000
000000000000000000
000000000000001000
000000000000000000
000000000000000000
000000000000000000
010000000000000000
000111000111111111
100000000000000000
001000000000000000
000000000000000000
000000100000000000
000000010000000000
000000000000000000
000000000000000000
000000001000000000
000000000000000000
000000000000000000
001000000000000000
010000000000000000
000111111111111000
100000000000000000
000000000000000000
000000000000000000
000000000000000000
000000000000000000
000000000000000000
000000000000000000
000000000000000001
000000000000000000
100000000000000000
001000000000000000
010000000000000000
000111111000111111
000000000010000000
000000000000000000
000000000000000000
000000000100000000
000000000000000000
000000000000000000
000000000000000000
000000000001000000
000000000000000000
000000000000000000
000000000000000000
000000000100000000
111111111000000111
000000000000001000
000000000000000000
000000000001000000
000000000000000000
000000000000000000
000000000000000000
000000000010000000
000000000000000000
000000010000000000
000000000000000000
000000000000000000
000000000000001000
111111000111000111
000000001000000000
000000000000000000
000000000000000000
000000100000000000
000000000000000000
000000000000000000
000000000000000000
000000100000000000
000000000000000000
000000000000000000
000000000000000000
000000001000000000
111111000111111000
000000000000000001
000000000000000000
000000010000000000
000000000000000000
000000000000000000
000000000000000000
000000000000000000
000000000000000000
000000000010000000
000000000001000000
000000000000000000
000000000000000001
111111111000111000
000000000000000000
000000000000000000
000000000000000000
000000000100000000
000000000000001000
000000000000000000
000000000000000000
000000000000000000
000000000000000000
000000000000000000
000000000000000000
000000000000000000
111000111111000111
000010000000000000
000001000000000000
000100000000000000
000000000000000000
000000001000000000
000000000000000000
000000000000000000
000000000000000000
000000010000000000
000000100000000000
000000000000000000
000100000000000000
111000000111111111
000010000000000000
000001000000000000
000000000000000000
000000000000000000
000000000000000001
000000000000000000
000000000000000000
000000000000000000
000000000000000000
000000000000000000
000001000000000000
000100000000000000
111000111111111000
000010000000000000
000000000000000000
000000000000000000
000000000000000000
000000000001000000
000000000100000000
000000000000000000
000000000000000000
000000000010000000
000010000000000000
000001000000000000
000100000000000000
111000111000111111
000000000000000000
000000000000000000
000000000000000000
000000000000000000
000000000000000000
000000000000000000
000000000000000000
000000000000000000
000000000000000000
000000000000000000
000000000000000000
000000000000000000
000000000000000000
000000000000000000
000000000000000000
000000000000000000
000000000000000000
000000000000000000
000000000000000000
000000000000000000
000000000000000000
000000000000000000
000000000000000000
000000000000000000
000000000000000000
000000000000000000
000000000000000000
000000000000000000
000000000000000000
000000000000000000
000000000000000000
000000000000000000
000000000000000000
000000000000000000
000000000000000000
000000000000000000
000000000000000000
000000000000000000
000000000000000000
000000000000000000
000000000000000000
000000000000000000
000000000000000000
000000000000000000
000000000000000000
000000000000000000
000000000000000000
000000000000000000
000000000000000000
000000000000000000
000000000000000000
000000000000000000
000000000000100000
000000000000010000
000000000000000000
000000000000000000
000000000000000000
000000000000000000
000000000000000000
000000000000000000
000000000000000000
000000000000000000
000000000000000000
000000000000000000
000000000000000000
000000000000000000
000000000000000000
000000000000000000
000000000000000000
000000000000000000
000000000000000000
000000000000000000
000000000000000000
000000000000000000
000000000000000000
000000000000000000
000000000000000000
000000000000000000
000000000000000100
000000000000000010
000000000000000000
000000000000000000
000000000000000000
000000000000000000
000000000000000000
000000000000000000
000000000000000000
000000000000000000
000000000000000000
000000000000000000
000000000000000000
000000000000000000
000000000000000000
000000000000000000
000000000000000000
000000000000000000
000000000000010000
000000000000000000
000000000000000000
000000000000000000
000000000000000000
000000000000000000
000000000000000000
000000000000000000
000000000000100000
000000000000000000
000000000000000000
000000000000000000
000000000000100000
000000000000000000
000000000000000000
000000000000000000
000000000000000000
000000000000000000
000000000000000000
000000000000000000
000000000000010000
000000000000000000
000000000000000000
000000000000000000
000000000000000000
000000000000000000
000000000000000010
000000000000000000
000000000000000000
000000000000000000
000000000000000000
000000000000000000
000000000000000000
000000000000000000
000000000000000100
000000000000000000
000000000000000000
000000000000000000
000000000000000100
000000000000000000
000000000000000000
000000000000000000
000000000000000000
000000000000000000
000000000000000000
000000000000000000
000000000000000010
000000000000000000